Location | Metric |  2014-11-14 19:00:00 |  2014-11-15 19:00:00 |  2014-11-16 19:00:00 |  2014-11-17 19:00:00 |  2014-11-18 19:00:00 |  2014-11-19 19:00:00 |  2014-11-20 19:00:00 |  2014-11-21 19:00:00 |  2014-11-22 19:00:00 |  2014-11-23 19:00:00 |  2014-11-24 19:00:00 |  2014-11-25 19:00:00 |  2014-11-26 19:00:00 |  2014-11-27 19:00:00 |  2014-11-28 19:00:00 |  2014-11-29 19:00:00 |  2014-11-30 19:00:00 |  2014-12-01 19:00:00 |  2014-12-02 19:00:00 |  2014-12-03 19:00:00 |  2014-12-04 19:00:00 |  2014-12-05 19:00:00 |  2014-12-06 19:00:00 |  2014-12-07 19:00:00 |  2014-12-08 19:00:00 |  2014-12-09 19:00:00 |  2014-12-10 19:00:00 |  2014-12-11 19:00:00 |  2014-12-12 19:00:00 |  2014-12-13 19:00:00 |  2014-12-14 19:00:00 |  2014-12-15 19:00:00 |  2014-12-16 19:00:00 |  2014-12-17 19:00:00 |  2014-12-18 19:00:00 |  2014-12-19 19:00:00 |  2014-12-20 19:00:00 |  2014-12-21 19:00:00 |  2014-12-22 19:00:00 |  2014-12-23 19:00:00 |  2014-12-24 19:00:00 |  2014-12-25 19:00:00 |  2014-12-26 19:00:00 |  2014-12-27 19:00:00 |  2014-12-28 19:00:00 |  2014-12-29 19:00:00 |  2014-12-30 19:00:00 |  2014-12-31 19:00:00 |  2015-01-01 19:00:00 |  2015-01-02 19:00:00 |  2015-01-03 19:00:00 |  2015-01-04 19:00:00 |  2015-01-05 19:00:00 |  2015-01-06 19:00:00 |  2015-01-07 19:00:00 |  2015-01-08 19:00:00 |  2015-01-09 19:00:00 |  2015-01-10 19:00:00 |  2015-01-11 19:00:00 |  2015-01-12 19:00:00 |  2015-01-13 19:00:00 |  2015-01-14 19:00:00 |  2015-01-15 19:00:00 |  2015-01-16 19:00:00 |  2015-01-17 19:00:00 |  2015-01-18 19:00:00 |  2015-01-19 19:00:00 |  2015-01-20 19:00:00 |  2015-01-21 19:00:00 |  2015-01-22 19:00:00 |  2015-01-23 19:00:00 |  2015-01-24 19:00:00 |  2015-01-25 19:00:00 |  2015-01-26 19:00:00 |  2015-01-27 19:00:00 |  2015-01-28 19:00:00 |  2015-01-29 19:00:00 |  2015-01-30 19:00:00 |  2015-01-31 19:00:00 |  2015-02-01 19:00:00 |  2015-02-02 19:00:00 |  2015-02-03 19:00:00 |  2015-02-04 19:00:00 |  2015-02-05 19:00:00 |  2015-02-06 19:00:00 |  2015-02-07 19:00:00 |  2015-02-08 19:00:00 |  2015-02-09 19:00:00 |  
everything | Total visits |  49 |  40 |  40 |  49 |  100 |  74 |  66 |  70 |  37 |  57 |  56 |  34 |  13 |  12 |  26 |  18 |  55 |  68 |  62 |  62 |  71 |  83 |  87 |  65 |  69 |  108 |  92 |  85 |  83 |  61 |  57 |  66 |  61 |  89 |  81 |  67 |  63 |  46 |  69 |  67 |  23 |  9 |  30 |  35 |  18 |  28 |  37 |  17 |  33 |  42 |  37 |  29 |  29 |  42 |  37 |  51 |  56 |  25 |  23 |  32 |  27 |  43 |  32 |  24 |  41 |  50 |  51 |  49 |  56 |  40 |  61 |  69 |  42 |  42 |  49 |  54 |  54 |  57 |  49 |  48 |  53 |  68 |  59 |  71 |  79 |  45 |  46 |  55 |  
everything | Visits reaching subcategory |  45 |  31 |  34 |  39 |  94 |  62 |  62 |  69 |  36 |  54 |  44 |  23 |  6 |  12 |  18 |  14 |  46 |  55 |  54 |  56 |  60 |  81 |  80 |  61 |  54 |  83 |  73 |  72 |  77 |  56 |  50 |  55 |  58 |  83 |  67 |  61 |  55 |  45 |  63 |  61 |  15 |  9 |  26 |  32 |  18 |  23 |  32 |  15 |  28 |  40 |  36 |  26 |  26 |  33 |  23 |  39 |  23 |  14 |  15 |  23 |  17 |  19 |  22 |  13 |  24 |  32 |  33 |  27 |  42 |  19 |  48 |  55 |  30 |  30 |  29 |  39 |  43 |  43 |  32 |  27 |  30 |  50 |  47 |  52 |  71 |  41 |  41 |  50 |  
everything | Visits reaching design |  37 |  27 |  28 |  29 |  80 |  46 |  49 |  60 |  34 |  44 |  32 |  16 |  5 |  8 |  14 |  13 |  38 |  42 |  43 |  45 |  48 |  67 |  66 |  50 |  33 |  60 |  64 |  56 |  62 |  39 |  40 |  47 |  51 |  72 |  59 |  48 |  44 |  36 |  49 |  44 |  15 |  4 |  16 |  23 |  12 |  14 |  20 |  12 |  20 |  23 |  22 |  19 |  18 |  20 |  19 |  29 |  21 |  9 |  13 |  20 |  15 |  17 |  14 |  10 |  17 |  25 |  25 |  23 |  31 |  15 |  34 |  35 |  25 |  20 |  21 |  29 |  28 |  35 |  24 |  20 |  28 |  42 |  41 |  45 |  48 |  32 |  34 |  39 |  
everything | Visits reaching print |  2 |  4 |  9 |  8 |  22 |  4 |  8 |  5 |  2 |  15 |  8 |  1 |  1 |  4 |  4 |  3 |  7 |  9 |  9 |  14 |  16 |  12 |  11 |  11 |  7 |  30 |  21 |  17 |  17 |  13 |  10 |  19 |  21 |  36 |  27 |  7 |  12 |  15 |  20 |  20 |  6 |  0 |  0 |  0 |  1 |  1 |  3 |  1 |  3 |  5 |  2 |  5 |  3 |  2 |  9 |  14 |  9 |  2 |  5 |  7 |  12 |  6 |  7 |  3 |  3 |  12 |  7 |  5 |  19 |  7 |  16 |  18 |  10 |  7 |  11 |  14 |  12 |  17 |  7 |  8 |  8 |  19 |  18 |  27 |  15 |  13 |  19 |  18 |  
everything | Visits reaching purchase |  2 |  4 |  9 |  8 |  22 |  4 |  8 |  5 |  2 |  15 |  8 |  1 |  1 |  4 |  4 |  3 |  7 |  9 |  9 |  14 |  16 |  12 |  11 |  11 |  7 |  30 |  21 |  17 |  17 |  13 |  10 |  19 |  21 |  36 |  27 |  7 |  12 |  15 |  20 |  20 |  6 |  0 |  0 |  0 |  1 |  1 |  3 |  1 |  3 |  5 |  2 |  5 |  2 |  2 |  3 |  8 |  0 |  0 |  0 |  1 |  1 |  2 |  0 |  1 |  0 |  4 |  0 |  2 |  10 |  2 |  6 |  0 |  1 |  3 |  2 |  6 |  6 |  0 |  0 |  4 |  2 |  9 |  3 |  6 |  8 |  7 |  13 |  12 |  





eatscardislekiosk | Total visits |  0 |  0 |  0 |  0 |  0 |  0 |  0 |  0 |  0 |  0 |  0 |  0 |  0 |  0 |  0 |  0 |  0 |  0 |  0 |  0 |  3 |  20 |  6 |  4 |  5 |  7 |  10 |  5 |  4 |  7 |  0 |  7 |  2 |  7 |  14 |  3 |  7 |  6 |  11 |  5 |  4 |  0 |  3 |  2 |  2 |  3 |  1 |  2 |  0 |  4 |  6 |  4 |  2 |  2 |  11 |  10 |  3 |  4 |  5 |  2 |  6 |  6 |  4 |  2 |  2 |  4 |  4 |  2 |  3 |  4 |  8 |  9 |  2 |  2 |  4 |  4 |  2 |  4 |  4 |  2 |  13 |  0 |  5 |  5 |  5 |  5 |  4 |  15 |  
eatscardislekiosk | Visits reaching subcategory |  0 |  0 |  0 |  0 |  0 |  0 |  0 |  0 |  0 |  0 |  0 |  0 |  0 |  0 |  0 |  0 |  0 |  0 |  0 |  0 |  3 |  20 |  5 |  4 |  4 |  3 |  9 |  3 |  4 |  7 |  0 |  7 |  2 |  5 |  2 |  3 |  5 |  6 |  11 |  3 |  1 |  0 |  2 |  2 |  2 |  2 |  1 |  1 |  0 |  4 |  5 |  4 |  1 |  2 |  7 |  9 |  2 |  3 |  2 |  1 |  4 |  2 |  4 |  1 |  2 |  3 |  3 |  1 |  3 |  1 |  7 |  7 |  1 |  1 |  4 |  4 |  1 |  2 |  2 |  0 |  6 |  0 |  4 |  5 |  5 |  4 |  4 |  14 |  
eatscardislekiosk | Visits reaching design |  0 |  0 |  0 |  0 |  0 |  0 |  0 |  0 |  0 |  0 |  0 |  0 |  0 |  0 |  0 |  0 |  0 |  0 |  0 |  0 |  1 |  18 |  5 |  4 |  2 |  3 |  4 |  3 |  3 |  6 |  0 |  6 |  1 |  6 |  14 |  2 |  6 |  6 |  11 |  2 |  3 |  0 |  1 |  1 |  2 |  1 |  1 |  1 |  0 |  3 |  3 |  4 |  1 |  2 |  4 |  9 |  1 |  0 |  2 |  1 |  4 |  2 |  3 |  1 |  2 |  2 |  3 |  1 |  3 |  1 |  6 |  4 |  1 |  1 |  1 |  1 |  1 |  0 |  1 |  0 |  5 |  0 |  5 |  3 |  4 |  3 |  4 |  13 |  
eatscardislekiosk | Visits reaching print |  0 |  0 |  0 |  0 |  0 |  0 |  0 |  0 |  0 |  0 |  0 |  0 |  0 |  0 |  0 |  0 |  0 |  0 |  0 |  0 |  0 |  1 |  2 |  0 |  0 |  2 |  0 |  1 |  0 |  3 |  0 |  3 |  1 |  3 |  12 |  0 |  1 |  2 |  6 |  0 |  3 |  0 |  0 |  0 |  0 |  0 |  0 |  1 |  0 |  2 |  1 |  1 |  0 |  1 |  3 |  6 |  1 |  0 |  0 |  1 |  4 |  2 |  2 |  1 |  1 |  1 |  2 |  0 |  1 |  0 |  4 |  1 |  0 |  0 |  1 |  0 |  0 |  0 |  0 |  0 |  0 |  0 |  4 |  3 |  2 |  3 |  1 |  8 |  
eatscardislekiosk | Visits reaching purchase |  0 |  0 |  0 |  0 |  0 |  0 |  0 |  0 |  0 |  0 |  0 |  0 |  0 |  0 |  0 |  0 |  0 |  0 |  0 |  0 |  0 |  1 |  2 |  0 |  0 |  2 |  0 |  1 |  0 |  3 |  0 |  3 |  1 |  3 |  12 |  0 |  1 |  2 |  6 |  0 |  3 |  0 |  0 |  0 |  0 |  0 |  0 |  1 |  0 |  2 |  1 |  1 |  0 |  1 |  3 |  5 |  0 |  0 |  0 |  0 |  0 |  1 |  0 |  0 |  0 |  1 |  0 |  0 |  0 |  0 |  1 |  0 |  0 |  0 |  0 |  0 |  0 |  0 |  0 |  0 |  0 |  0 |  2 |  0 |  2 |  3 |  0 |  7 |  
techcardislekiosk | Total visits |  2 |  8 |  4 |  7 |  6 |  13 |  7 |  2 |  1 |  6 |  1 |  1 |  1 |  0 |  1 |  2 |  9 |  6 |  9 |  12 |  13 |  11 |  9 |  4 |  13 |  19 |  16 |  16 |  7 |  3 |  7 |  6 |  11 |  8 |  9 |  1 |  2 |  2 |  0 |  1 |  0 |  0 |  0 |  1 |  0 |  0 |  1 |  0 |  0 |  0 |  1 |  0 |  0 |  4 |  0 |  5 |  1 |  1 |  1 |  5 |  1 |  4 |  1 |  0 |  7 |  4 |  7 |  7 |  6 |  6 |  14 |  6 |  7 |  13 |  13 |  2 |  16 |  12 |  15 |  13 |  11 |  14 |  11 |  10 |  11 |  4 |  3 |  6 |  
techcardislekiosk | Visits reaching subcategory |  2 |  7 |  2 |  6 |  5 |  9 |  6 |  2 |  1 |  6 |  0 |  0 |  0 |  0 |  0 |  0 |  9 |  4 |  7 |  9 |  12 |  11 |  8 |  4 |  10 |  13 |  15 |  15 |  6 |  3 |  5 |  4 |  9 |  8 |  9 |  1 |  2 |  2 |  0 |  1 |  0 |  0 |  0 |  0 |  0 |  0 |  1 |  0 |  0 |  0 |  1 |  0 |  0 |  4 |  0 |  4 |  1 |  1 |  0 |  4 |  0 |  1 |  0 |  0 |  3 |  4 |  2 |  4 |  3 |  4 |  9 |  6 |  5 |  11 |  8 |  2 |  12 |  11 |  9 |  7 |  6 |  11 |  5 |  9 |  8 |  4 |  3 |  5 |  
techcardislekiosk | Visits reaching design |  1 |  5 |  2 |  6 |  2 |  6 |  4 |  1 |  1 |  6 |  0 |  0 |  0 |  0 |  0 |  2 |  6 |  3 |  7 |  8 |  9 |  8 |  7 |  2 |  3 |  16 |  12 |  14 |  5 |  2 |  4 |  2 |  9 |  7 |  7 |  0 |  2 |  1 |  0 |  1 |  0 |  0 |  0 |  0 |  0 |  0 |  0 |  0 |  0 |  0 |  0 |  0 |  0 |  3 |  0 |  3 |  1 |  1 |  0 |  3 |  0 |  1 |  0 |  0 |  3 |  2 |  2 |  4 |  2 |  1 |  8 |  2 |  4 |  7 |  7 |  2 |  11 |  11 |  6 |  5 |  6 |  9 |  3 |  7 |  4 |  1 |  3 |  4 |  
techcardislekiosk | Visits reaching print |  1 |  0 |  0 |  1 |  0 |  1 |  1 |  0 |  0 |  6 |  0 |  0 |  0 |  0 |  0 |  1 |  3 |  0 |  2 |  3 |  4 |  3 |  0 |  0 |  1 |  13 |  4 |  6 |  2 |  0 |  2 |  1 |  2 |  1 |  1 |  0 |  2 |  0 |  0 |  0 |  0 |  0 |  0 |  0 |  0 |  0 |  0 |  0 |  0 |  0 |  0 |  0 |  0 |  1 |  0 |  2 |  0 |  0 |  0 |  1 |  0 |  0 |  0 |  0 |  0 |  2 |  0 |  0 |  1 |  1 |  4 |  0 |  0 |  1 |  3 |  0 |  2 |  8 |  3 |  0 |  5 |  5 |  2 |  4 |  0 |  1 |  0 |  1 |  
techcardislekiosk | Visits reaching purchase |  1 |  0 |  0 |  1 |  0 |  1 |  1 |  0 |  0 |  6 |  0 |  0 |  0 |  0 |  0 |  1 |  3 |  0 |  2 |  3 |  4 |  3 |  0 |  0 |  1 |  13 |  4 |  6 |  2 |  0 |  2 |  1 |  2 |  1 |  1 |  0 |  2 |  0 |  0 |  0 |  0 |  0 |  0 |  0 |  0 |  0 |  0 |  0 |  0 |  0 |  0 |  0 |  0 |  1 |  0 |  1 |  0 |  0 |  0 |  1 |  0 |  0 |  0 |  0 |  0 |  0 |  0 |  0 |  0 |  0 |  1 |  0 |  0 |  0 |  1 |  0 |  0 |  0 |  0 |  0 |  2 |  1 |  0 |  1 |  0 |  0 |  0 |  1 |  
dietrickcardislekiosk | Total visits |  8 |  6 |  7 |  8 |  11 |  5 |  5 |  0 |  0 |  0 |  1 |  1 |  0 |  0 |  1 |  1 |  7 |  11 |  7 |  5 |  5 |  10 |  9 |  6 |  7 |  9 |  17 |  7 |  11 |  8 |  4 |  20 |  12 |  16 |  4 |  0 |  1 |  0 |  1 |  0 |  0 |  0 |  0 |  0 |  0 |  1 |  0 |  0 |  0 |  0 |  0 |  0 |  0 |  1 |  0 |  1 |  0 |  0 |  0 |  0 |  0 |  2 |  2 |  0 |  1 |  1 |  3 |  5 |  4 |  2 |  9 |  7 |  4 |  4 |  3 |  5 |  2 |  4 |  4 |  12 |  4 |  13 |  13 |  9 |  10 |  11 |  11 |  7 |  
dietrickcardislekiosk | Visits reaching subcategory |  8 |  4 |  7 |  8 |  11 |  4 |  5 |  0 |  0 |  0 |  0 |  0 |  0 |  0 |  0 |  1 |  6 |  8 |  6 |  5 |  4 |  10 |  8 |  6 |  5 |  7 |  9 |  5 |  11 |  7 |  3 |  12 |  12 |  16 |  4 |  0 |  0 |  0 |  0 |  0 |  0 |  0 |  0 |  0 |  0 |  0 |  0 |  0 |  0 |  0 |  0 |  0 |  0 |  1 |  0 |  1 |  0 |  0 |  0 |  0 |  0 |  1 |  2 |  0 |  0 |  1 |  3 |  4 |  3 |  0 |  8 |  6 |  4 |  3 |  3 |  4 |  0 |  4 |  3 |  8 |  2 |  11 |  12 |  9 |  10 |  11 |  11 |  7 |  
dietrickcardislekiosk | Visits reaching design |  6 |  5 |  5 |  5 |  10 |  4 |  3 |  0 |  0 |  0 |  0 |  0 |  0 |  0 |  0 |  1 |  6 |  7 |  6 |  5 |  4 |  8 |  7 |  5 |  3 |  4 |  15 |  2 |  11 |  7 |  2 |  18 |  11 |  16 |  4 |  0 |  0 |  0 |  0 |  0 |  0 |  0 |  0 |  0 |  0 |  0 |  0 |  0 |  0 |  0 |  0 |  0 |  0 |  0 |  0 |  0 |  0 |  0 |  0 |  0 |  0 |  1 |  2 |  0 |  0 |  1 |  3 |  4 |  2 |  0 |  7 |  5 |  3 |  3 |  3 |  3 |  0 |  4 |  4 |  8 |  2 |  10 |  12 |  9 |  8 |  11 |  8 |  6 |  
dietrickcardislekiosk | Visits reaching print |  1 |  0 |  4 |  5 |  7 |  2 |  2 |  0 |  0 |  0 |  0 |  0 |  0 |  0 |  0 |  0 |  3 |  2 |  1 |  2 |  2 |  1 |  3 |  3 |  2 |  3 |  12 |  1 |  7 |  1 |  1 |  10 |  8 |  9 |  4 |  0 |  0 |  0 |  0 |  0 |  0 |  0 |  0 |  0 |  0 |  0 |  0 |  0 |  0 |  0 |  0 |  0 |  0 |  0 |  0 |  0 |  0 |  0 |  0 |  0 |  0 |  0 |  0 |  0 |  0 |  0 |  0 |  2 |  2 |  0 |  4 |  4 |  1 |  2 |  2 |  1 |  0 |  2 |  2 |  4 |  0 |  6 |  6 |  2 |  5 |  5 |  7 |  6 |  
dietrickcardislekiosk | Visits reaching purchase |  1 |  0 |  4 |  5 |  7 |  2 |  2 |  0 |  0 |  0 |  0 |  0 |  0 |  0 |  0 |  0 |  3 |  2 |  1 |  2 |  2 |  1 |  3 |  3 |  2 |  3 |  12 |  1 |  7 |  1 |  1 |  10 |  8 |  9 |  4 |  0 |  0 |  0 |  0 |  0 |  0 |  0 |  0 |  0 |  0 |  0 |  0 |  0 |  0 |  0 |  0 |  0 |  0 |  0 |  0 |  0 |  0 |  0 |  0 |  0 |  0 |  0 |  0 |  0 |  0 |  0 |  0 |  2 |  1 |  0 |  3 |  0 |  0 |  1 |  0 |  0 |  0 |  0 |  0 |  1 |  0 |  2 |  0 |  0 |  3 |  3 |  5 |  1 |  
umallcardislekiosk | Total visits |  8 |  6 |  15 |  5 |  14 |  8 |  8 |  3 |  6 |  15 |  8 |  8 |  3 |  2 |  8 |  3 |  6 |  6 |  9 |  6 |  11 |  4 |  17 |  12 |  13 |  14 |  7 |  9 |  7 |  5 |  6 |  7 |  9 |  5 |  13 |  8 |  12 |  14 |  13 |  25 |  4 |  1 |  1 |  6 |  7 |  5 |  2 |  2 |  8 |  6 |  8 |  5 |  7 |  8 |  5 |  7 |  5 |  3 |  3 |  6 |  5 |  5 |  13 |  3 |  2 |  11 |  8 |  6 |  5 |  4 |  5 |  14 |  2 |  0 |  5 |  6 |  5 |  7 |  2 |  4 |  8 |  3 |  5 |  14 |  13 |  0 |  2 |  3 |  
umallcardislekiosk | Visits reaching subcategory |  6 |  4 |  13 |  4 |  12 |  7 |  7 |  3 |  6 |  13 |  6 |  5 |  2 |  2 |  6 |  3 |  6 |  4 |  8 |  4 |  9 |  3 |  15 |  11 |  12 |  10 |  5 |  8 |  5 |  5 |  6 |  7 |  9 |  5 |  13 |  8 |  10 |  14 |  13 |  25 |  3 |  1 |  1 |  6 |  7 |  5 |  1 |  1 |  6 |  6 |  8 |  5 |  7 |  5 |  4 |  5 |  1 |  2 |  2 |  6 |  0 |  3 |  10 |  2 |  2 |  9 |  5 |  4 |  5 |  3 |  4 |  11 |  2 |  0 |  3 |  4 |  4 |  5 |  2 |  3 |  6 |  3 |  5 |  7 |  12 |  0 |  1 |  3 |  
umallcardislekiosk | Visits reaching design |  5 |  2 |  12 |  3 |  11 |  4 |  6 |  3 |  6 |  13 |  4 |  5 |  1 |  1 |  6 |  2 |  5 |  2 |  7 |  3 |  8 |  2 |  12 |  9 |  10 |  4 |  3 |  5 |  3 |  4 |  6 |  6 |  8 |  3 |  11 |  6 |  8 |  11 |  9 |  23 |  3 |  0 |  0 |  6 |  7 |  4 |  1 |  1 |  6 |  5 |  7 |  4 |  7 |  2 |  3 |  4 |  1 |  2 |  2 |  5 |  0 |  3 |  6 |  1 |  2 |  9 |  6 |  4 |  5 |  3 |  3 |  8 |  2 |  0 |  2 |  3 |  3 |  4 |  2 |  2 |  6 |  3 |  4 |  8 |  12 |  0 |  1 |  1 |  
umallcardislekiosk | Visits reaching print |  0 |  0 |  5 |  2 |  3 |  0 |  3 |  0 |  0 |  6 |  1 |  0 |  0 |  0 |  1 |  1 |  0 |  1 |  5 |  1 |  2 |  0 |  4 |  1 |  2 |  0 |  0 |  1 |  1 |  3 |  0 |  1 |  5 |  2 |  7 |  2 |  3 |  9 |  6 |  18 |  1 |  0 |  0 |  0 |  1 |  1 |  0 |  0 |  3 |  3 |  1 |  0 |  2 |  0 |  1 |  2 |  0 |  0 |  1 |  2 |  0 |  0 |  5 |  1 |  0 |  3 |  2 |  0 |  3 |  1 |  0 |  3 |  1 |  0 |  1 |  1 |  2 |  1 |  0 |  1 |  1 |  0 |  1 |  5 |  2 |  0 |  0 |  0 |  
umallcardislekiosk | Visits reaching purchase |  0 |  0 |  5 |  2 |  3 |  0 |  3 |  0 |  0 |  6 |  1 |  0 |  0 |  0 |  1 |  1 |  0 |  1 |  5 |  1 |  2 |  0 |  4 |  1 |  2 |  0 |  0 |  1 |  1 |  3 |  0 |  1 |  5 |  2 |  7 |  2 |  3 |  9 |  6 |  18 |  1 |  0 |  0 |  0 |  1 |  1 |  0 |  0 |  3 |  3 |  1 |  0 |  1 |  0 |  0 |  2 |  0 |  0 |  0 |  0 |  0 |  0 |  0 |  0 |  0 |  2 |  0 |  0 |  3 |  0 |  0 |  0 |  0 |  0 |  0 |  0 |  0 |  0 |  0 |  0 |  0 |  0 |  0 |  0 |  0 |  0 |  0 |  0 |  
1stmaincardislekiosk | Total visits |  1 |  3 |  1 |  3 |  1 |  4 |  2 |  2 |  6 |  3 |  7 |  3 |  3 |  3 |  4 |  0 |  1 |  2 |  0 |  7 |  5 |  6 |  2 |  4 |  3 |  7 |  7 |  10 |  2 |  2 |  4 |  1 |  4 |  16 |  6 |  4 |  7 |  2 |  10 |  3 |  4 |  0 |  1 |  0 |  0 |  4 |  1 |  1 |  2 |  1 |  2 |  1 |  2 |  1 |  1 |  1 |  5 |  1 |  1 |  4 |  0 |  1 |  2 |  1 |  7 |  1 |  2 |  3 |  3 |  2 |  2 |  2 |  3 |  3 |  0 |  2 |  2 |  0 |  3 |  4 |  0 |  4 |  1 |  0 |  2 |  4 |  3 |  3 |  
1stmaincardislekiosk | Visits reaching subcategory |  1 |  2 |  1 |  3 |  0 |  2 |  1 |  2 |  5 |  2 |  4 |  2 |  2 |  3 |  3 |  0 |  1 |  1 |  0 |  7 |  4 |  6 |  2 |  3 |  0 |  5 |  6 |  8 |  2 |  2 |  4 |  1 |  4 |  16 |  6 |  4 |  6 |  2 |  10 |  3 |  3 |  0 |  1 |  0 |  0 |  4 |  0 |  1 |  2 |  0 |  2 |  0 |  2 |  1 |  1 |  1 |  4 |  1 |  1 |  2 |  0 |  1 |  2 |  0 |  4 |  0 |  2 |  1 |  1 |  2 |  2 |  1 |  3 |  3 |  0 |  1 |  2 |  0 |  2 |  3 |  0 |  3 |  0 |  0 |  2 |  4 |  3 |  3 |  
1stmaincardislekiosk | Visits reaching design |  0 |  2 |  1 |  1 |  0 |  1 |  1 |  2 |  5 |  1 |  2 |  1 |  2 |  1 |  3 |  0 |  1 |  1 |  0 |  6 |  1 |  6 |  1 |  3 |  0 |  1 |  5 |  7 |  2 |  1 |  2 |  1 |  4 |  13 |  3 |  2 |  5 |  2 |  8 |  2 |  3 |  0 |  0 |  0 |  0 |  2 |  0 |  0 |  2 |  0 |  2 |  0 |  1 |  0 |  1 |  0 |  4 |  1 |  1 |  2 |  0 |  1 |  1 |  0 |  2 |  0 |  1 |  0 |  1 |  2 |  0 |  0 |  3 |  2 |  0 |  1 |  0 |  0 |  2 |  3 |  0 |  2 |  0 |  0 |  1 |  3 |  2 |  3 |  
1stmaincardislekiosk | Visits reaching print |  0 |  0 |  0 |  0 |  0 |  0 |  0 |  0 |  1 |  0 |  0 |  0 |  1 |  0 |  1 |  0 |  0 |  0 |  0 |  4 |  0 |  3 |  0 |  0 |  0 |  0 |  2 |  3 |  1 |  1 |  0 |  0 |  3 |  11 |  0 |  0 |  0 |  2 |  0 |  2 |  2 |  0 |  0 |  0 |  0 |  0 |  0 |  0 |  0 |  0 |  0 |  0 |  0 |  0 |  1 |  0 |  1 |  0 |  1 |  1 |  0 |  0 |  0 |  0 |  0 |  0 |  0 |  0 |  0 |  1 |  0 |  0 |  1 |  0 |  0 |  1 |  0 |  0 |  0 |  3 |  0 |  0 |  0 |  0 |  0 |  0 |  2 |  2 |  
1stmaincardislekiosk | Visits reaching purchase |  0 |  0 |  0 |  0 |  0 |  0 |  0 |  0 |  1 |  0 |  0 |  0 |  1 |  0 |  1 |  0 |  0 |  0 |  0 |  4 |  0 |  3 |  0 |  0 |  0 |  0 |  2 |  3 |  1 |  1 |  0 |  0 |  3 |  11 |  0 |  0 |  0 |  2 |  0 |  2 |  2 |  0 |  0 |  0 |  0 |  0 |  0 |  0 |  0 |  0 |  0 |  0 |  0 |  0 |  0 |  0 |  0 |  0 |  0 |  0 |  0 |  0 |  0 |  0 |  0 |  0 |  0 |  0 |  0 |  1 |  0 |  0 |  0 |  0 |  0 |  0 |  0 |  0 |  0 |  3 |  0 |  0 |  0 |  0 |  0 |  0 |  0 |  2 |  
16westkiosk | Total visits |  30 |  17 |  3 |  7 |  55 |  19 |  2 |  51 |  21 |  4 |  5 |  5 |  3 |  7 |  9 |  11 |  8 |  8 |  5 |  9 |  6 |  12 |  11 |  4 |  5 |  12 |  8 |  10 |  15 |  5 |  4 |  2 |  8 |  10 |  4 |  20 |  7 |  2 |  7 |  8 |  2 |  0 |  0 |  7 |  0 |  3 |  9 |  3 |  0 |  10 |  4 |  2 |  2 |  5 |  8 |  2 |  5 |  3 |  1 |  1 |  0 |  7 |  3 |  9 |  2 |  3 |  5 |  5 |  6 |  4 |  5 |  4 |  3 |  6 |  3 |  2 |  4 |  7 |  2 |  1 |  3 |  5 |  3 |  6 |  3 |  3 |  3 |  2 |  
16westkiosk | Visits reaching subcategory |  28 |  14 |  3 |  7 |  53 |  18 |  2 |  50 |  21 |  4 |  4 |  4 |  1 |  7 |  8 |  9 |  8 |  6 |  5 |  9 |  5 |  12 |  11 |  4 |  4 |  11 |  7 |  8 |  14 |  3 |  4 |  1 |  7 |  9 |  4 |  17 |  7 |  2 |  6 |  6 |  1 |  0 |  0 |  7 |  0 |  3 |  8 |  3 |  0 |  9 |  4 |  2 |  2 |  2 |  3 |  1 |  5 |  1 |  1 |  1 |  0 |  2 |  2 |  4 |  0 |  1 |  4 |  1 |  4 |  2 |  5 |  3 |  1 |  4 |  2 |  2 |  3 |  7 |  1 |  1 |  2 |  2 |  3 |  2 |  3 |  3 |  3 |  2 |  
16westkiosk | Visits reaching design |  25 |  13 |  3 |  5 |  53 |  12 |  1 |  46 |  19 |  3 |  3 |  2 |  1 |  6 |  4 |  7 |  7 |  6 |  3 |  5 |  4 |  10 |  9 |  3 |  4 |  5 |  5 |  8 |  11 |  4 |  1 |  0 |  6 |  8 |  3 |  17 |  5 |  2 |  4 |  5 |  0 |  0 |  0 |  5 |  0 |  2 |  6 |  3 |  0 |  5 |  4 |  1 |  1 |  1 |  3 |  0 |  5 |  1 |  1 |  1 |  0 |  2 |  0 |  3 |  0 |  1 |  2 |  1 |  2 |  3 |  2 |  2 |  0 |  3 |  2 |  1 |  1 |  6 |  1 |  0 |  2 |  2 |  3 |  2 |  2 |  2 |  2 |  2 |  
16westkiosk | Visits reaching print |  0 |  4 |  0 |  0 |  11 |  0 |  0 |  5 |  1 |  0 |  0 |  0 |  0 |  4 |  2 |  1 |  1 |  2 |  0 |  0 |  1 |  1 |  1 |  0 |  2 |  2 |  1 |  2 |  1 |  1 |  0 |  0 |  1 |  7 |  0 |  1 |  4 |  0 |  1 |  0 |  0 |  0 |  0 |  0 |  0 |  0 |  2 |  0 |  0 |  0 |  0 |  1 |  0 |  0 |  2 |  0 |  4 |  1 |  1 |  0 |  0 |  1 |  0 |  0 |  0 |  1 |  1 |  1 |  0 |  2 |  2 |  2 |  0 |  1 |  1 |  0 |  1 |  2 |  1 |  0 |  0 |  1 |  2 |  2 |  1 |  1 |  2 |  0 |  
16westkiosk | Visits reaching purchase |  0 |  4 |  0 |  0 |  11 |  0 |  0 |  5 |  1 |  0 |  0 |  0 |  0 |  4 |  2 |  1 |  1 |  2 |  0 |  0 |  1 |  1 |  1 |  0 |  2 |  2 |  1 |  2 |  1 |  1 |  0 |  0 |  1 |  7 |  0 |  1 |  4 |  0 |  1 |  0 |  0 |  0 |  0 |  0 |  0 |  0 |  2 |  0 |  0 |  0 |  0 |  1 |  0 |  0 |  0 |  0 |  0 |  0 |  0 |  0 |  0 |  1 |  0 |  0 |  0 |  1 |  0 |  0 |  0 |  1 |  1 |  0 |  0 |  1 |  0 |  0 |  1 |  0 |  0 |  0 |  0 |  1 |  0 |  0 |  0 |  0 |  1 |  0 |  
kiosk7cardisle | Total visits |  0 |  0 |  10 |  19 |  13 |  4 |  9 |  0 |  0 |  5 |  12 |  8 |  0 |  0 |  0 |  0 |  0 |  8 |  12 |  3 |  0 |  4 |  21 |  12 |  10 |  9 |  9 |  8 |  21 |  20 |  16 |  6 |  9 |  12 |  23 |  25 |  27 |  17 |  21 |  22 |  9 |  8 |  24 |  19 |  9 |  12 |  19 |  8 |  20 |  17 |  13 |  11 |  6 |  8 |  5 |  11 |  24 |  9 |  0 |  6 |  2 |  3 |  2 |  3 |  16 |  14 |  13 |  11 |  12 |  11 |  13 |  23 |  13 |  8 |  13 |  20 |  9 |  20 |  19 |  10 |  9 |  13 |  6 |  18 |  21 |  12 |  1 |  12 |  
kiosk7cardisle | Visits reaching subcategory |  0 |  0 |  8 |  11 |  13 |  3 |  9 |  0 |  0 |  5 |  11 |  6 |  0 |  0 |  0 |  0 |  0 |  7 |  11 |  3 |  0 |  4 |  21 |  12 |  8 |  6 |  8 |  8 |  21 |  19 |  12 |  6 |  9 |  11 |  21 |  22 |  25 |  16 |  20 |  20 |  7 |  8 |  22 |  17 |  9 |  9 |  18 |  8 |  17 |  17 |  13 |  9 |  5 |  8 |  1 |  5 |  5 |  6 |  0 |  5 |  1 |  2 |  0 |  2 |  11 |  7 |  8 |  5 |  9 |  4 |  9 |  19 |  6 |  5 |  3 |  9 |  7 |  12 |  13 |  4 |  3 |  7 |  4 |  11 |  19 |  9 |  0 |  10 |  
kiosk7cardisle | Visits reaching design |  0 |  0 |  5 |  9 |  4 |  2 |  8 |  0 |  0 |  3 |  10 |  4 |  0 |  0 |  0 |  0 |  0 |  4 |  9 |  2 |  0 |  3 |  15 |  9 |  4 |  4 |  6 |  6 |  16 |  10 |  9 |  4 |  7 |  8 |  9 |  15 |  18 |  11 |  15 |  8 |  6 |  4 |  15 |  11 |  3 |  5 |  10 |  7 |  9 |  6 |  4 |  6 |  1 |  4 |  1 |  2 |  4 |  4 |  0 |  4 |  1 |  0 |  0 |  2 |  7 |  3 |  4 |  4 |  4 |  2 |  6 |  14 |  5 |  3 |  3 |  7 |  3 |  8 |  8 |  2 |  3 |  5 |  4 |  9 |  9 |  7 |  0 |  5 |  
kiosk7cardisle | Visits reaching print |  0 |  0 |  0 |  0 |  1 |  0 |  1 |  0 |  0 |  0 |  0 |  0 |  0 |  0 |  0 |  0 |  0 |  0 |  0 |  1 |  0 |  0 |  1 |  0 |  0 |  1 |  0 |  1 |  5 |  0 |  1 |  0 |  1 |  0 |  1 |  3 |  2 |  1 |  6 |  0 |  0 |  0 |  0 |  0 |  0 |  0 |  0 |  0 |  0 |  0 |  0 |  1 |  0 |  0 |  0 |  0 |  0 |  1 |  0 |  1 |  1 |  0 |  0 |  1 |  1 |  1 |  0 |  2 |  3 |  0 |  1 |  8 |  3 |  2 |  0 |  3 |  1 |  4 |  1 |  0 |  2 |  1 |  1 |  7 |  2 |  2 |  0 |  0 |  
kiosk7cardisle | Visits reaching purchase |  0 |  0 |  0 |  0 |  1 |  0 |  1 |  0 |  0 |  0 |  0 |  0 |  0 |  0 |  0 |  0 |  0 |  0 |  0 |  1 |  0 |  0 |  1 |  0 |  0 |  1 |  0 |  1 |  5 |  0 |  1 |  0 |  1 |  0 |  1 |  3 |  2 |  1 |  6 |  0 |  0 |  0 |  0 |  0 |  0 |  0 |  0 |  0 |  0 |  0 |  0 |  1 |  0 |  0 |  0 |  0 |  0 |  0 |  0 |  0 |  0 |  0 |  0 |  1 |  0 |  0 |  0 |  0 |  0 |  0 |  0 |  0 |  1 |  1 |  0 |  0 |  0 |  0 |  0 |  0 |  0 |  0 |  0 |  2 |  0 |  0 |  0 |  0 |  
pharmacycardislekiosk | Total visits |  0 |  0 |  0 |  0 |  0 |  21 |  33 |  10 |  3 |  18 |  19 |  6 |  2 |  0 |  1 |  0 |  8 |  8 |  8 |  12 |  14 |  3 |  0 |  6 |  5 |  13 |  5 |  8 |  0 |  0 |  5 |  5 |  2 |  6 |  3 |  5 |  0 |  3 |  5 |  3 |  0 |  0 |  0 |  0 |  0 |  0 |  4 |  1 |  3 |  3 |  0 |  2 |  6 |  5 |  4 |  6 |  3 |  0 |  5 |  2 |  3 |  6 |  3 |  1 |  1 |  2 |  1 |  5 |  6 |  1 |  3 |  2 |  2 |  3 |  5 |  3 |  4 |  2 |  0 |  0 |  1 |  7 |  4 |  3 |  6 |  0 |  5 |  1 |  
pharmacycardislekiosk | Visits reaching subcategory |  0 |  0 |  0 |  0 |  0 |  19 |  32 |  10 |  3 |  18 |  17 |  5 |  1 |  0 |  0 |  0 |  7 |  7 |  7 |  11 |  12 |  3 |  0 |  4 |  5 |  12 |  4 |  7 |  0 |  0 |  5 |  5 |  2 |  4 |  3 |  5 |  0 |  3 |  3 |  3 |  0 |  0 |  0 |  0 |  0 |  0 |  3 |  1 |  3 |  3 |  0 |  2 |  5 |  4 |  4 |  5 |  2 |  0 |  2 |  2 |  3 |  5 |  1 |  1 |  0 |  2 |  1 |  3 |  5 |  1 |  2 |  1 |  2 |  2 |  3 |  3 |  4 |  1 |  0 |  0 |  1 |  4 |  4 |  3 |  5 |  0 |  5 |  1 |  
pharmacycardislekiosk | Visits reaching design |  0 |  0 |  0 |  0 |  0 |  17 |  26 |  7 |  3 |  15 |  11 |  3 |  1 |  0 |  0 |  0 |  5 |  7 |  5 |  11 |  9 |  2 |  0 |  4 |  3 |  10 |  4 |  6 |  0 |  0 |  5 |  4 |  2 |  3 |  3 |  5 |  0 |  3 |  2 |  3 |  0 |  0 |  0 |  0 |  0 |  0 |  2 |  0 |  3 |  3 |  0 |  1 |  4 |  3 |  4 |  4 |  2 |  0 |  2 |  2 |  3 |  5 |  1 |  0 |  0 |  2 |  1 |  2 |  3 |  1 |  1 |  0 |  2 |  1 |  2 |  3 |  3 |  1 |  0 |  0 |  1 |  3 |  4 |  2 |  3 |  0 |  2 |  0 |  
pharmacycardislekiosk | Visits reaching print |  0 |  0 |  0 |  0 |  0 |  1 |  1 |  0 |  0 |  3 |  7 |  1 |  0 |  0 |  0 |  0 |  0 |  0 |  1 |  2 |  3 |  1 |  0 |  0 |  0 |  1 |  0 |  1 |  0 |  0 |  2 |  0 |  0 |  0 |  1 |  1 |  0 |  1 |  1 |  0 |  0 |  0 |  0 |  0 |  0 |  0 |  1 |  0 |  0 |  0 |  0 |  0 |  1 |  0 |  1 |  1 |  1 |  0 |  1 |  0 |  1 |  2 |  0 |  0 |  0 |  0 |  1 |  0 |  3 |  1 |  1 |  0 |  1 |  1 |  2 |  2 |  2 |  0 |  0 |  0 |  0 |  1 |  1 |  2 |  1 |  0 |  1 |  0 |  
pharmacycardislekiosk | Visits reaching purchase |  0 |  0 |  0 |  0 |  0 |  1 |  1 |  0 |  0 |  3 |  7 |  1 |  0 |  0 |  0 |  0 |  0 |  0 |  1 |  2 |  3 |  1 |  0 |  0 |  0 |  1 |  0 |  1 |  0 |  0 |  2 |  0 |  0 |  0 |  1 |  1 |  0 |  1 |  1 |  0 |  0 |  0 |  0 |  0 |  0 |  0 |  1 |  0 |  0 |  0 |  0 |  0 |  1 |  0 |  0 |  0 |  0 |  0 |  0 |  0 |  0 |  0 |  0 |  0 |  0 |  0 |  0 |  0 |  1 |  0 |  0 |  0 |  0 |  0 |  0 |  0 |  1 |  0 |  0 |  0 |  0 |  0 |  0 |  1 |  1 |  0 |  1 |  0 |  
metalcardislekiosk | Total visits |  0 |  0 |  0 |  0 |  0 |  0 |  0 |  2 |  0 |  6 |  3 |  2 |  1 |  0 |  2 |  1 |  16 |  19 |  12 |  8 |  14 |  13 |  12 |  13 |  8 |  18 |  13 |  12 |  16 |  11 |  11 |  12 |  4 |  9 |  5 |  1 |  0 |  0 |  1 |  0 |  0 |  0 |  1 |  0 |  0 |  0 |  0 |  0 |  0 |  1 |  3 |  4 |  4 |  8 |  3 |  8 |  10 |  4 |  7 |  6 |  10 |  9 |  2 |  5 |  3 |  10 |  8 |  5 |  11 |  6 |  2 |  2 |  6 |  3 |  3 |  10 |  10 |  1 |  0 |  2 |  4 |  9 |  11 |  6 |  8 |  6 |  14 |  6 |  
metalcardislekiosk | Visits reaching subcategory |  0 |  0 |  0 |  0 |  0 |  0 |  0 |  2 |  0 |  6 |  2 |  1 |  0 |  0 |  1 |  1 |  9 |  18 |  10 |  8 |  11 |  12 |  10 |  13 |  6 |  16 |  10 |  10 |  14 |  10 |  11 |  12 |  4 |  9 |  5 |  1 |  0 |  0 |  0 |  0 |  0 |  0 |  0 |  0 |  0 |  0 |  0 |  0 |  0 |  1 |  3 |  4 |  4 |  6 |  3 |  8 |  3 |  0 |  7 |  2 |  9 |  2 |  1 |  3 |  2 |  5 |  5 |  4 |  9 |  2 |  2 |  1 |  6 |  1 |  3 |  10 |  10 |  1 |  0 |  1 |  4 |  9 |  10 |  6 |  7 |  6 |  11 |  5 |  
metalcardislekiosk | Visits reaching design |  0 |  0 |  0 |  0 |  0 |  0 |  0 |  1 |  0 |  3 |  2 |  1 |  0 |  0 |  1 |  1 |  8 |  12 |  6 |  5 |  12 |  10 |  10 |  11 |  4 |  13 |  10 |  5 |  11 |  5 |  11 |  6 |  3 |  8 |  5 |  1 |  0 |  0 |  0 |  0 |  0 |  0 |  0 |  0 |  0 |  0 |  0 |  0 |  0 |  1 |  2 |  3 |  3 |  5 |  3 |  7 |  3 |  0 |  5 |  2 |  7 |  2 |  1 |  3 |  1 |  5 |  3 |  3 |  9 |  2 |  1 |  0 |  5 |  0 |  1 |  8 |  6 |  1 |  0 |  0 |  3 |  8 |  6 |  5 |  5 |  5 |  12 |  5 |  
metalcardislekiosk | Visits reaching print |  0 |  0 |  0 |  0 |  0 |  0 |  0 |  0 |  0 |  0 |  0 |  0 |  0 |  0 |  0 |  0 |  0 |  4 |  0 |  1 |  4 |  2 |  0 |  7 |  0 |  8 |  2 |  1 |  0 |  4 |  4 |  4 |  0 |  3 |  1 |  0 |  0 |  0 |  0 |  0 |  0 |  0 |  0 |  0 |  0 |  0 |  0 |  0 |  0 |  0 |  0 |  2 |  0 |  0 |  1 |  3 |  2 |  0 |  1 |  1 |  6 |  1 |  0 |  0 |  1 |  4 |  1 |  0 |  6 |  1 |  0 |  0 |  3 |  0 |  1 |  6 |  4 |  0 |  0 |  0 |  0 |  5 |  1 |  2 |  2 |  1 |  6 |  1 |  
metalcardislekiosk | Visits reaching purchase |  0 |  0 |  0 |  0 |  0 |  0 |  0 |  0 |  0 |  0 |  0 |  0 |  0 |  0 |  0 |  0 |  0 |  4 |  0 |  1 |  4 |  2 |  0 |  7 |  0 |  8 |  2 |  1 |  0 |  4 |  4 |  4 |  0 |  3 |  1 |  0 |  0 |  0 |  0 |  0 |  0 |  0 |  0 |  0 |  0 |  0 |  0 |  0 |  0 |  0 |  0 |  2 |  0 |  0 |  0 |  0 |  0 |  0 |  0 |  0 |  1 |  0 |  0 |  0 |  0 |  0 |  0 |  0 |  5 |  0 |  0 |  0 |  0 |  0 |  1 |  6 |  4 |  0 |  0 |  0 |  0 |  5 |  1 |  2 |  2 |  1 |  6 |  1 |  
